function dx = ejer6(t,x)
c=-1/-1;

x_11=x(1);
x_12=x(2);
x_21=x(3);
x_22=x(4);
x_31=x(5);
x_32=x(6);
x_41=x(7);
x_42=x(8);

x_51=x(9);
x_52=x(10);
x_61=x(11);
x_62=x(12);
x_71=x(13);
x_72=x(14);


dx = [ 
    
    x_12+c*(-x_11+x_21);
    -x_11-2*x_12;
    
    x_22+c*(-x_21+x_31);
    -x_21-2*x_22;
    
    x_32+c*(x_11+x_21-3*x_31+x_41);
    -x_31-2*x_32;
    
    x_42+c*(x_11+x_31-3*x_41+x_71);
    -x_41-2*x_42; 
    
    x_52+c*(x_11-x_51);
    -x_51-2*x_52; 
    
    x_62+c*(x_11-x_61);
    -x_61-2*x_62;

    x_72+c*(x_11+x_41-2*x_71);
    -x_71-2*x_72;
];