function dx = ejer1(t,x)
c=0.5;

x_11=x(1);
x_12=x(2);
x_21=x(3);
x_22=x(4);
x_31=x(5);
x_32=x(6);
x_41=x(7);
x_42=x(8);

dx = [ 
     

    x_12+c*(-2*x_11+x_21+x_41);
    -x_11-2*x_12;
    
    x_22+c*(-2*x_21+x_11+x_31);
    -x_21-2*x_22;
    
    x_32+c*(-2*x_31+x_21+x_41);
    -x_31-2*x_32;
    
    x_42+c*(-2*x_41+x_11+x_31);
    -x_41-2*x_42; 


];